-5.653563, -1.500000 
-5.342527, -1.490000 
-5.037092, -1.480000 
-4.737562, -1.470000 
-4.444213, -1.460000 
-4.157296, -1.450000 
-3.877033, -1.440000 
-3.603625, -1.430000 
-3.337245, -1.420000 
-3.078047, -1.410000 
-2.826159, -1.400000 
-2.581689, -1.390000 
-2.344724, -1.380000 
-2.115331, -1.370000 
-1.893559, -1.360000 
-1.679438, -1.350000 
-1.472983, -1.340000 
-1.274188, -1.330000 
-1.083037, -1.320000 
-0.899498, -1.310000 
-0.723522, -1.300000 
-0.555052, -1.290000 
-0.394015, -1.280000 
-0.240330, -1.270000 
-0.093904, -1.260000 
0.045367, -1.250000 
0.177593, -1.240000 
0.302894, -1.230000 
0.421397, -1.220000 
0.533236, -1.210000 
0.638552, -1.200000 
0.737489, -1.190000 
0.830198, -1.180000 
0.916834, -1.170000 
0.997556, -1.160000 
1.072525, -1.150000 
1.141905, -1.140000 
1.205862, -1.130000 
1.264566, -1.120000 
1.318185, -1.110000 
1.366889, -1.100000 
1.410850, -1.090000 
1.450237, -1.080000 
1.485221, -1.070000 
1.515972, -1.060000 
1.542657, -1.050000 
1.565446, -1.040000 
1.584502, -1.030000 
1.599990, -1.020000 
1.612072, -1.010000 
1.620907, -1.000000 
1.626652, -0.990000 
1.629462, -0.980000 
1.629488, -0.970001 
1.626878, -0.960001 
1.621778, -0.950001 
1.614331, -0.940001 
1.604674, -0.930001 
1.592943, -0.920001 
1.579270, -0.910001 
1.563783, -0.900001 
1.546607, -0.890001 
1.527862, -0.880001 
1.507665, -0.870001 
1.486130, -0.860001 
1.463366, -0.850001 
1.439480, -0.840001 
1.414572, -0.830001 
1.388742, -0.820001 
1.362084, -0.810001 
1.334689, -0.800001 
1.306644, -0.790001 
1.278033, -0.780001 
1.248935, -0.770001 
1.219428, -0.760001 
1.189583, -0.750001 
1.159472, -0.740001 
1.129159, -0.730001 
1.098707, -0.720001 
1.068178, -0.710001 
1.037626, -0.700001 
1.007105, -0.690001 
0.976667, -0.680001 
0.946357, -0.670001 
0.916222, -0.660001 
0.886303, -0.650001 
0.856639, -0.640001 
0.827267, -0.630001 
0.798222, -0.620001 
0.769534, -0.610001 
0.741233, -0.600001 
0.713346, -0.590001 
0.685898, -0.580001 
0.658913, -0.570001 
0.632410, -0.560001 
0.606409, -0.550001 
0.580926, -0.540001 
0.555977, -0.530001 
0.531575, -0.520001 
0.507732, -0.510001 
0.484458, -0.500001 
0.461763, -0.490001 
0.439653, -0.480001 
0.418135, -0.470001 
0.397213, -0.460001 
0.376890, -0.450001 
0.357170, -0.440001 
0.338054, -0.430001 
0.319541, -0.420001 
0.301631, -0.410001 
0.284323, -0.400001 
0.267614, -0.390001 
0.251501, -0.380001 
0.235979, -0.370001 
0.221044, -0.360001 
0.206691, -0.350001 
0.192913, -0.340001 
0.179705, -0.330001 
0.167058, -0.320001 
0.154965, -0.310001 
0.143418, -0.300001 
0.132410, -0.290001 
0.121930, -0.280001 
0.111969, -0.270001 
0.102518, -0.260001 
0.093568, -0.250001 
0.085108, -0.240001 
0.077127, -0.230001 
0.069615, -0.220001 
0.062562, -0.210001 
0.055956, -0.200001 
0.049786, -0.190001 
0.044042, -0.180001 
0.038710, -0.170001 
0.033781, -0.160001 
0.029243, -0.150001 
0.025084, -0.140001 
0.021291, -0.130001 
0.017855, -0.120001 
0.014761, -0.110001 
0.012000, -0.100001 
0.009558, -0.090001 
0.007424, -0.080001 
0.005586, -0.070001 
0.004032, -0.060001 
0.002750, -0.050001 
0.001728, -0.040001 
0.000954, -0.030001 
0.000416, -0.020001 
0.000102, -0.010001 
0.000000, -0.000001 
1.020198;  0.0100 
1.040797;  0.0200 
1.061796;  0.0300 
1.083192;  0.0400 
1.104984;  0.0500 
1.127170;  0.0600 
1.149746;  0.0700 
1.172708;  0.0800 
1.196053;  0.0900 
1.219776;  0.1000 
1.243870;  0.1100 
1.268329;  0.1200 
1.293146;  0.1300 
1.318314;  0.1400 
1.343822;  0.1500 
1.369663;  0.1600 
1.395824;  0.1700 
1.422295;  0.1800 
1.449065;  0.1900 
1.476119;  0.2000 
1.503444;  0.2100 
1.531025;  0.2200 
1.558846;  0.2300 
1.586892;  0.2400 
1.615143;  0.2500 
1.643582;  0.2600 
1.672190;  0.2700 
1.700945;  0.2800 
1.729828;  0.2900 
1.758816;  0.3000 
1.787885;  0.3100 
1.817012;  0.3200 
1.846173;  0.3300 
1.875342;  0.3400 
1.904493;  0.3500 
1.933599;  0.3600 
1.962631;  0.3700 
1.991563;  0.3800 
2.020364;  0.3900 
2.049005;  0.4000 
2.077456;  0.4100 
2.105686;  0.4200 
2.133664;  0.4300 
2.161359;  0.4400 
2.188738;  0.4500 
2.215770;  0.4600 
2.242422;  0.4700 
2.268661;  0.4800 
2.294456;  0.4900 
2.319773;  0.5000 
2.344581;  0.5100 
2.368846;  0.5200 
2.392537;  0.5300 
2.415621;  0.5400 
2.438068;  0.5500 
2.459847;  0.5600 
2.480927;  0.5700 
2.501278;  0.5800 
2.520872;  0.5900 
2.539680;  0.6000 
2.557674;  0.6100 
2.574829;  0.6200 
2.591118;  0.6300 
2.606518;  0.6400 
2.621004;  0.6500 
2.634555;  0.6600 
2.647151;  0.6700 
2.658771;  0.6800 
2.669398;  0.6900 
2.679015;  0.7000 
2.687607;  0.7100 
2.695161;  0.7200 
2.701664;  0.7300 
2.707107;  0.7400 
2.711480;  0.7500 
2.714777;  0.7600 
2.716993;  0.7700 
2.718123;  0.7800 
2.718167;  0.7900 
2.717123;  0.8000 
2.714994;  0.8100 
2.711784;  0.8200 
2.707496;  0.8300 
2.702139;  0.8400 
2.695720;  0.8500 
2.688250;  0.8600 
2.679740;  0.8700 
2.670204;  0.8800 
2.659657;  0.8900 
2.648116;  0.9000 
2.635598;  0.9100 
2.622122;  0.9200 
2.607710;  0.9300 
2.592382;  0.9400 
2.576163;  0.9500 
2.559077;  0.9600 
2.541149;  0.9700 
2.522405;  0.9800 
2.502873;  0.9900 
2.482581;  1.0000 
2.461559;  1.0100 
2.439835;  1.0200 
2.417440;  1.0300 
2.394405;  1.0400 
2.370762;  1.0500 
2.346541;  1.0600 
2.321776;  1.0700 
2.296498;  1.0800 
2.270741;  1.0900 
2.244535;  1.1000 
2.217916;  1.1100 
2.190913;  1.1200 
2.163560;  1.1300 
2.135890;  1.1400 
2.107933;  1.1500 
2.079722;  1.1600 
2.051287;  1.1700 
2.022660;  1.1800 
1.993871;  1.1900 
1.964949;  1.2000 
1.935923;  1.2100 
1.906822;  1.2200 
1.877674;  1.2300 
1.848505;  1.2400 
1.819343;  1.2500 
1.790212;  1.2600 
1.761137;  1.2700 
1.732142;  1.2800 
1.703250;  1.2900 
1.674484;  1.3000 
1.645864;  1.3100 
1.617410;  1.3200 
1.589143;  1.3300 
1.561081;  1.3400 
1.533241;  1.3500 
1.505640;  1.3600 
1.478294;  1.3700 
1.451218;  1.3800 
1.424425;  1.3900 
1.397930;  1.4000 
1.371743;  1.4100 
1.345877;  1.4200 
1.320341;  1.4300 
1.295146;  1.4400 
1.270301;  1.4500 
1.245813;  1.4600 
1.221689;  1.4700 
1.197937;  1.4800 
1.174561;  1.4900 
1.151568;  1.5000 
 
